# Energy Density	Pressure	Density
5.856635799560545883e-09	6.081587444152831969e-15	6.295000000000000137e-12
1.470868034027099552e-08	3.099991523284912412e-14	1.580999999999999827e-11
3.693942795410156252e-08	1.517239644973754901e-13	3.971999999999999958e-11
9.278268709411619374e-08	7.184639806671143639e-13	9.975999999999999982e-11
2.330420107574463088e-07	3.287451227111816330e-12	2.505999999999999928e-10
5.856635799560548530e-07	1.446794261535644422e-11	6.294000000000000186e-10
1.470868034027099605e-06	6.087507224273680928e-11	1.580999999999999814e-09
3.695916055450439793e-06	2.440922669830322289e-10	3.971999999999999932e-09
4.652947174987793071e-06	3.281531446990967140e-10	4.999999999999999277e-09
9.284188489532470368e-06	8.956627322845458262e-10	9.975999999999999465e-09
1.852299199813842840e-05	2.391591168823242159e-09	1.989999999999999952e-08
3.695916055450440047e-05	6.278913448181151477e-09	3.972000000000000098e-08
7.376046030578613461e-05	1.625176969177246119e-08	7.924000000000000016e-08
1.471854664047241219e-04	4.167525205078124833e-08	1.581000000000000194e-07
1.853285829833984386e-04	5.454090751342773582e-08	1.990000000000000217e-07
2.938184199981689454e-04	1.016623572753906460e-07	3.155000000000000392e-07
4.656893695068359154e-04	1.890580444595336897e-07	5.000000000000000833e-07
5.862555579681396180e-04	2.577077612609863893e-07	6.294000000000000641e-07
7.381965810699462737e-04	3.143403244171142860e-07	7.924000000000000281e-07
9.294054789733886303e-04	4.281974287414551312e-07	9.976000000000001980e-07
1.473038620071410966e-03	7.938425142059325367e-07	1.580999999999999982e-06
2.336339887695312433e-03	1.470473382019042727e-06	2.505999999999999808e-06
3.703809095611572660e-03	2.723098855590820305e-06	3.972000000000000256e-06
4.662813475189209189e-03	3.534108732147216535e-06	5.000000000000000409e-06
5.866502099761963449e-03	4.806861458129883436e-06	6.294000000000000217e-06
7.393805370941161290e-03	6.541357033538818041e-06	7.924000000000000704e-06
9.305894349975587024e-03	8.893483001556396587e-06	9.976000000000000709e-06
1.172313789932251035e-02	1.209608404693603583e-05	1.256000000000000002e-05
1.475801184127807641e-02	1.579002684234618933e-05	1.580999999999999940e-05
1.858416305938720772e-02	2.125201063385009573e-05	1.989999999999999921e-05
2.340286407775878791e-02	2.888852698974608696e-05	2.506000000000000062e-05
2.948050500183105327e-02	3.713675395812988147e-05	3.155000000000000117e-05
3.711702135772704941e-02	5.049572443084716840e-05	3.971999999999999918e-05
4.674653035430907655e-02	6.864971680145263880e-05	5.000000000000000240e-05
5.884261440124512188e-02	9.331546730499267221e-05	6.294000000000000386e-05
7.415511231384275259e-02	1.268806205902099768e-04	7.923999999999997994e-05
9.333519990539550226e-02	1.620835797088623074e-04	9.975999999999999354e-05
1.034382913116455027e-01	1.804940958847045648e-04	1.105000000000000025e-04
1.175668332000732036e-01	2.054163701934814327e-04	1.255999999999999901e-04
1.480931660232543967e-01	2.792162957000732509e-04	1.580999999999999940e-04
1.865125390075683121e-01	3.630798474121093807e-04	1.990000000000000124e-04
2.350152707977294086e-01	4.704251936035156074e-04	2.506000000000000198e-04
2.411323769226073888e-01	4.871979039459228659e-04	2.572000000000000176e-04
6.921879641545216622e+00	9.742068748373577947e-03	7.360000000000001957e-03
1.204728130785200868e+01	1.787733410137965634e-02	1.280000000000000061e-02
1.717701372951396621e+01	3.023251324445771354e-02	1.823999999999999927e-02
2.231127590261664650e+01	4.849506436856214353e-02	2.367999999999999966e-02
2.745048581445730917e+01	7.345562052286117027e-02	2.912000000000000005e-02
3.259499324276283261e+01	1.052434906530353986e-01	3.456000000000000044e-02
3.774502383364654889e+01	1.435732658778350046e-01	4.000000000000000083e-02
4.290068642018372458e+01	1.879428162432162930e-01	4.544000000000000122e-02
4.806199771067995385e+01	2.377725829659612933e-01	5.088000000000000161e-02
5.322890849832100457e+01	2.924884835003540018e-01	5.632000000000000201e-02
5.840132523095127226e+01	3.515502588812525753e-01	6.176000000000000240e-02
6.357912365708404678e+01	4.144087996174192767e-01	6.720000000000000973e-02
6.876214860794652850e+01	4.802740911905785115e-01	7.264000000000001012e-02
7.395012370846889382e+01	5.445514140202457609e-01	7.808000000000001051e-02
7.918300399999999684e+01	6.096580000000000332e-01	8.351999999999999702e-02
8.438286499999999535e+01	6.984759999999999858e-01	8.895999999999999741e-02
8.958840800000000115e+01	7.965609999999999635e-01	9.439999999999999780e-02
9.479987099999999600e+01	9.051770000000000094e-01	9.983999999999999819e-02
1.000175409999999943e+02	1.025706000000000007e+00	1.052799999999999986e-01
1.052417480000000012e+02	1.159632999999999914e+00	1.107199999999999990e-01
1.104728319999999968e+02	1.306394000000000055e+00	1.161599999999999994e-01
1.157110509999999977e+02	1.466545999999999905e+00	1.215999999999999998e-01
1.209567650000000043e+02	1.643405000000000005e+00	1.270399999999999863e-01
1.262104140000000001e+02	1.839198000000000111e+00	1.324799999999999867e-01
1.314724889999999959e+02	2.056041000000000007e+00	1.379199999999999871e-01
1.367435289999999952e+02	2.296091000000000104e+00	1.433599999999999874e-01
1.420241139999999973e+02	2.561612999999999918e+00	1.487999999999999878e-01
1.473148669999999925e+02	2.855033999999999850e+00	1.542399999999999882e-01
1.526164569999999969e+02	3.178993999999999875e+00	1.596799999999999886e-01
1.579296009999999910e+02	3.536391000000000062e+00	1.651199999999999890e-01
1.632550689999999918e+02	3.930435999999999819e+00	1.705599999999999894e-01
1.685936920000000043e+02	4.364697999999999745e+00	1.759999999999999898e-01
1.739463639999999884e+02	4.843158999999999992e+00	1.814399999999999902e-01
1.793140510000000063e+02	5.370249000000000272e+00	1.868799999999999906e-01
1.846978029999999933e+02	5.950886999999999816e+00	1.923199999999999910e-01
1.900987519999999904e+02	6.590495999999999910e+00	1.977599999999999913e-01
1.955181289999999876e+02	7.295007000000000019e+00	2.031999999999999917e-01
2.009572599999999909e+02	8.070826999999999529e+00	2.086399999999999921e-01
2.064175799999999867e+02	8.924789000000000527e+00	2.140799999999999925e-01
2.119006249999999909e+02	9.864050999999999902e+00	2.195199999999999929e-01
2.174080390000000023e+02	1.089597000000000016e+01	2.249599999999999933e-01
2.229415639999999996e+02	1.202793199999999985e+01	2.303999999999999937e-01
2.285030340000000137e+02	1.326716099999999976e+01	2.358399999999999941e-01
2.340943599999999947e+02	1.462050699999999992e+01	2.412799999999999945e-01
2.397175180000000125e+02	1.609423599999999865e+01	2.467199999999999949e-01
2.453745250000000055e+02	1.769383600000000101e+01	2.521599999999999953e-01
2.510674209999999960e+02	1.942385700000000170e+01	2.575999999999999956e-01
2.567982440000000111e+02	2.128780199999999923e+01	2.630399999999999960e-01
2.625690099999999916e+02	2.328807099999999863e+01	2.684799999999999964e-01
2.683816899999999919e+02	2.542596500000000148e+01	2.739199999999999968e-01
2.742381920000000264e+02	2.770173799999999886e+01	2.793599999999999972e-01
2.801403440000000273e+02	3.011469900000000166e+01	2.847999999999999976e-01
2.860898849999999811e+02	3.266333199999999692e+01	2.902399999999999980e-01
2.920884520000000180e+02	3.534544000000000352e+01	2.956799999999999984e-01
2.981375750000000266e+02	3.815828700000000140e+01	3.011199999999999988e-01
3.042386779999999931e+02	4.109874299999999891e+01	3.065599999999999992e-01
3.103930720000000179e+02	4.416340100000000035e+01	3.119999999999999996e-01
3.166019660000000044e+02	4.734868999999999772e+01	3.174399999999999999e-01
3.228664610000000152e+02	5.065096799999999888e+01	3.228800000000000003e-01
3.291875610000000165e+02	5.406659100000000251e+01	3.283200000000000007e-01
3.355661779999999794e+02	5.759197000000000344e+01	3.337600000000000011e-01
3.420031339999999886e+02	6.122361500000000234e+01	3.392000000000000015e-01
3.484991719999999873e+02	6.495815899999999488e+01	3.446400000000000019e-01
3.550549560000000042e+02	6.879238399999999842e+01	3.500800000000000023e-01
3.616710850000000050e+02	7.272322699999999429e+01	3.555200000000000027e-01
3.683480890000000159e+02	7.674778600000000495e+01	3.609600000000000031e-01
3.750864450000000261e+02	8.086332500000000323e+01	3.664000000000000035e-01
3.818865710000000036e+02	8.506726100000000201e+01	3.718400000000000039e-01
3.887488389999999754e+02	8.935716999999999643e+01	3.772800000000000042e-01
3.956735760000000255e+02	9.373077200000000175e+01	3.827200000000000046e-01
4.026610689999999977e+02	9.818592800000000409e+01	3.881600000000000050e-01
4.097115660000000048e+02	1.027206269999999932e+02	3.936000000000000054e-01
4.168252830000000131e+02	1.073329829999999987e+02	3.990400000000000058e-01
4.240024040000000127e+02	1.120212219999999945e+02	4.044800000000000062e-01
4.312430860000000052e+02	1.167836769999999973e+02	4.099200000000000066e-01
4.385474580000000060e+02	1.216187769999999944e+02	4.153600000000000070e-01
4.459156290000000240e+02	1.265250429999999966e+02	4.208000000000000074e-01
4.533476850000000127e+02	1.315010780000000068e+02	4.262400000000000078e-01
4.608436909999999784e+02	1.365455619999999897e+02	4.316800000000000082e-01
4.684036970000000224e+02	1.416572470000000123e+02	4.371200000000000085e-01
4.760277350000000069e+02	1.468349499999999921e+02	4.425600000000000089e-01
4.837158220000000028e+02	1.520775460000000123e+02	4.480000000000000093e-01
4.914679620000000000e+02	1.573839680000000101e+02	4.534400000000000097e-01
4.992841450000000236e+02	1.627531989999999951e+02	4.588800000000000101e-01
5.071643520000000080e+02	1.681842690000000005e+02	4.643200000000000105e-01
5.151085500000000366e+02	1.736762510000000077e+02	4.697600000000000109e-01
5.231167000000000371e+02	1.792282600000000059e+02	4.752000000000000113e-01
5.311887510000000248e+02	1.848394470000000069e+02	4.806400000000000117e-01
5.393246450000000323e+02	1.905089959999999962e+02	4.860800000000000121e-01
5.475243159999999989e+02	1.962361249999999870e+02	4.915200000000000125e-01
5.557876909999999953e+02	2.020200820000000022e+02	4.969600000000000128e-01
5.641146919999999909e+02	2.078601390000000038e+02	5.023999999999999577e-01
5.725052319999999781e+02	2.137555969999999945e+02	5.078399999999999581e-01
5.809592199999999593e+02	2.197057790000000068e+02	5.132799999999999585e-01
5.894765609999999469e+02	2.257100320000000124e+02	5.187199999999999589e-01
5.980571539999999686e+02	2.317677199999999971e+02	5.241599999999999593e-01
6.067008939999999484e+02	2.378782300000000021e+02	5.295999999999999597e-01
6.154076720000000478e+02	2.440409649999999999e+02	5.350399999999999601e-01
6.241773739999999862e+02	2.502553470000000004e+02	5.404799999999999605e-01
6.330098840000000564e+02	2.565208099999999831e+02	5.459199999999999608e-01
6.419050829999999905e+02	2.628368070000000216e+02	5.513599999999999612e-01
6.508628469999999879e+02	2.692028040000000146e+02	5.567999999999999616e-01
6.598830530000000181e+02	2.756182779999999752e+02	5.622399999999999620e-01
6.689655709999999544e+02	2.820827209999999923e+02	5.676799999999999624e-01
6.781102710000000116e+02	2.885956360000000132e+02	5.731199999999999628e-01
6.873170209999999543e+02	2.951565370000000144e+02	5.785599999999999632e-01
6.965856860000000097e+02	3.017649490000000014e+02	5.839999999999999636e-01
7.059161299999999528e+02	3.084204060000000140e+02	5.894399999999999640e-01
7.153082150000000183e+02	3.151224520000000098e+02	5.948799999999999644e-01
7.247618009999999913e+02	3.218706409999999778e+02	6.003199999999999648e-01
7.342767470000000003e+02	3.286645350000000008e+02	6.057599999999999651e-01
7.438529109999999491e+02	3.355037050000000249e+02	6.111999999999999655e-01
7.534901469999999790e+02	3.423877269999999839e+02	6.166399999999999659e-01
7.631883129999999937e+02	3.493161880000000110e+02	6.220799999999999663e-01
7.729472610000000259e+02	3.562886809999999969e+02	6.275199999999999667e-01
7.827668439999999919e+02	3.633048049999999876e+02	6.329599999999999671e-01
7.926469150000000354e+02	3.703641680000000065e+02	6.383999999999999675e-01
8.025873249999999643e+02	3.774663810000000126e+02	6.438399999999999679e-01
8.125879250000000411e+02	3.846110639999999989e+02	6.492799999999999683e-01
8.226485649999999623e+02	3.917978410000000054e+02	6.547199999999999687e-01
8.327690929999999980e+02	3.990263439999999946e+02	6.601599999999999691e-01
8.429493589999999585e+02	4.062962079999999787e+02	6.655999999999999694e-01
8.531892110000000002e+02	4.136070750000000089e+02	6.710399999999999698e-01
8.634884970000000521e+02	4.209585920000000101e+02	6.764799999999999702e-01
8.738470640000000458e+02	4.283504110000000082e+02	6.819199999999999706e-01
8.842647600000000239e+02	4.357821870000000217e+02	6.873599999999999710e-01
8.947414320000000316e+02	4.432535829999999919e+02	6.927999999999999714e-01
9.052769260000000031e+02	4.507642630000000281e+02	6.982399999999999718e-01
9.158710889999999836e+02	4.583138989999999922e+02	7.036799999999999722e-01
9.265237660000000233e+02	4.659021660000000224e+02	7.091199999999999726e-01
9.372348050000000512e+02	4.735287410000000250e+02	7.145599999999999730e-01
9.480040510000000040e+02	4.811933080000000018e+02	7.199999999999999734e-01
9.588313510000000406e+02	4.888955540000000042e+02	7.254399999999999737e-01
9.697165499999999838e+02	4.966351700000000164e+02	7.308799999999999741e-01
9.806594949999999926e+02	5.044118510000000128e+02	7.363199999999999745e-01
9.916600320000000011e+02	5.122252949999999601e+02	7.417599999999999749e-01
1.002718005999999946e+03	5.200752049999999826e+02	7.471999999999999753e-01
1.013833263999999986e+03	5.279612849999999753e+02	7.526399999999999757e-01
1.025005652000000055e+03	5.358832469999999830e+02	7.580799999999999761e-01
1.036235018000000082e+03	5.438408010000000559e+02	7.635199999999999765e-01
1.047521205999999893e+03	5.518336659999999938e+02	7.689599999999999769e-01
1.058864064999999982e+03	5.598615590000000566e+02	7.743999999999999773e-01
1.070263441000000057e+03	5.679242030000000341e+02	7.798399999999999777e-01
1.081719180999999935e+03	5.760213250000000471e+02	7.852799999999999780e-01
1.093231134000000111e+03	5.841526539999999841e+02	7.907199999999999784e-01
1.104799144999999953e+03	5.923179209999999557e+02	7.961599999999999788e-01
1.116423064999999951e+03	6.005168619999999464e+02	8.015999999999999792e-01
1.128102740000000040e+03	6.087492150000000493e+02	8.070399999999999796e-01
1.139838019000000031e+03	6.170147200000000112e+02	8.124799999999999800e-01
1.151628750000000082e+03	6.253131220000000212e+02	8.179199999999999804e-01
1.163474785000000111e+03	6.336441680000000360e+02	8.233599999999999808e-01
1.175375970000000052e+03	6.420076070000000072e+02	8.287999999999999812e-01
1.187332157000000052e+03	6.504031919999999900e+02	8.342399999999999816e-01
1.199343194999999923e+03	6.588306770000000370e+02	8.396799999999999820e-01
1.211408936000000040e+03	6.672898199999999633e+02	8.451199999999999823e-01
1.223529228999999987e+03	6.757803810000000340e+02	8.505599999999999827e-01
1.235703927000000022e+03	6.843021240000000489e+02	8.559999999999999831e-01
1.247932880000000068e+03	6.928548140000000330e+02	8.614399999999999835e-01
1.260215940999999930e+03	7.014382180000000062e+02	8.668799999999999839e-01
1.272552963000000091e+03	7.100521079999999756e+02	8.723199999999999843e-01
1.284943798000000015e+03	7.186962569999999459e+02	8.777599999999999847e-01
1.297388300000000072e+03	7.273704390000000330e+02	8.831999999999999851e-01
1.309886320999999953e+03	7.360744320000000016e+02	8.886399999999999855e-01
1.322437717000000021e+03	7.448080179999999473e+02	8.940799999999999859e-01
1.335042343000000074e+03	7.535709769999999708e+02	8.995199999999999863e-01
1.347700053000000025e+03	7.623630950000000439e+02	9.049599999999999866e-01
1.360410701999999901e+03	7.711841600000000199e+02	9.103999999999999870e-01
1.373174146999999948e+03	7.800339589999999816e+02	9.158399999999999874e-01
1.385990244000000075e+03	7.889122859999999946e+02	9.212799999999999878e-01
1.398858850999999959e+03	7.978189330000000155e+02	9.267199999999999882e-01
1.411779823999999962e+03	8.067536959999999908e+02	9.321599999999999886e-01
1.424753020999999990e+03	8.157163729999999759e+02	9.375999999999999890e-01
1.437778301000000056e+03	8.247067660000000160e+02	9.430399999999999894e-01
1.450855522999999948e+03	8.337246740000000500e+02	9.484799999999999898e-01
1.463984545999999909e+03	8.427699039999999968e+02	9.539199999999999902e-01
1.477165230000000065e+03	8.518422610000000077e+02	9.593599999999999905e-01
1.490397433999999976e+03	8.609415529999999990e+02	9.647999999999999909e-01
1.503681021000000101e+03	8.700675919999999905e+02	9.702399999999999913e-01
1.517015851000000112e+03	8.792201880000000074e+02	9.756799999999999917e-01
1.530401785999999902e+03	8.883991569999999456e+02	9.811199999999999921e-01
1.543838688999999931e+03	8.976043140000000449e+02	9.865599999999999925e-01
1.557326422000000093e+03	9.068354769999999689e+02	9.919999999999999929e-01
1.570864849000000049e+03	9.160924670000000560e+02	9.974399999999999933e-01
1.584453833000000031e+03	9.253751049999999623e+02	1.002879999999999994e+00
1.598093239999999923e+03	9.346832150000000183e+02	1.008320000000000105e+00
1.611782932999999957e+03	9.440166219999999839e+02	1.013759999999999994e+00
1.625522778999999900e+03	9.533751539999999522e+02	1.019200000000000106e+00
1.639312642999999980e+03	9.627586380000000190e+02	1.024639999999999995e+00
1.653152391999999963e+03	9.721669070000000374e+02	1.030080000000000107e+00
1.667041893000000073e+03	9.815997919999999795e+02	1.035519999999999996e+00
1.680981013000000075e+03	9.910571280000000343e+02	1.040960000000000107e+00
1.694969620000000077e+03	1.000538750000000050e+03	1.046399999999999997e+00
1.709007583999999952e+03	1.010044495999999981e+03	1.051840000000000108e+00
1.723094771999999921e+03	1.019574206000000004e+03	1.057279999999999998e+00
1.737231054999999969e+03	1.029127719000000070e+03	1.062720000000000109e+00
1.751416302999999971e+03	1.038704878999999892e+03	1.068159999999999998e+00
1.765650386000000026e+03	1.048305530000000090e+03	1.073600000000000110e+00
1.779933174999999892e+03	1.057929517000000033e+03	1.079039999999999999e+00
1.794264543000000003e+03	1.067576686999999993e+03	1.084480000000000111e+00
1.808644360999999890e+03	1.077246889000000010e+03	1.089920000000000000e+00
1.823072503000000097e+03	1.086939973000000009e+03	1.095359999999999889e+00
1.837548841000000039e+03	1.096655790999999908e+03	1.100800000000000001e+00
1.852073249999999916e+03	1.106394197000000077e+03	1.106239999999999890e+00
1.866645602999999937e+03	1.116155044999999973e+03	1.111680000000000001e+00
1.881265775999999960e+03	1.125938190999999961e+03	1.117119999999999891e+00
1.895933643999999958e+03	1.135743492999999944e+03	1.122560000000000002e+00
1.910649081999999908e+03	1.145570809999999938e+03	1.127999999999999892e+00
1.925411967999999888e+03	1.155420002999999951e+03	1.133440000000000003e+00
1.940222177000000102e+03	1.165290932999999995e+03	1.138879999999999892e+00
1.955079588999999942e+03	1.175183463999999958e+03	1.144320000000000004e+00
1.969984079999999949e+03	1.185097459999999955e+03	1.149759999999999893e+00
1.984935529000000088e+03	1.195032787000000098e+03	1.155200000000000005e+00
1.999933815000000095e+03	1.204989313000000038e+03	1.160639999999999894e+00
2.014978816999999935e+03	1.214966906000000108e+03	1.166080000000000005e+00
2.030070416000000023e+03	1.224965437000000065e+03	1.171519999999999895e+00
2.045208493000000090e+03	1.234984776000000011e+03	1.176960000000000006e+00
2.060392926999999872e+03	1.245024795999999924e+03	1.182399999999999896e+00
2.075623602000000119e+03	1.255085370999999896e+03	1.187840000000000007e+00
2.090900398000000223e+03	1.265166375999999900e+03	1.193279999999999896e+00
2.106223198000000139e+03	1.275267685999999912e+03	1.198720000000000008e+00
2.121591887000000042e+03	1.285389181000000008e+03	1.204159999999999897e+00
2.137006346000000121e+03	1.295530737999999928e+03	1.209600000000000009e+00
2.152466460999999981e+03	1.305692236999999977e+03	1.215039999999999898e+00
2.167972115000000031e+03	1.315873558999999887e+03	1.220480000000000009e+00
2.183523195000000214e+03	1.326074587000000065e+03	1.225919999999999899e+00
2.199119584999999915e+03	1.336295204000000012e+03	1.231360000000000010e+00
2.214761171999999988e+03	1.346535294000000022e+03	1.236799999999999899e+00
2.230447842000000037e+03	1.356794742999999926e+03	1.242240000000000011e+00
2.246179482000000007e+03	1.367073439000000008e+03	1.247679999999999900e+00
2.261955981000000065e+03	1.377371268000000100e+03	1.253120000000000012e+00
2.277777224999999817e+03	1.387688120000000026e+03	1.258559999999999901e+00
2.293643105000000105e+03	1.398023885000000064e+03	1.264000000000000012e+00
2.309553507999999965e+03	1.408378453999999920e+03	1.269439999999999902e+00
2.325508323999999902e+03	1.418751719000000094e+03	1.274880000000000013e+00
2.341507442999999967e+03	1.429143573000000060e+03	1.280319999999999903e+00
2.357550756999999976e+03	1.439553910999999971e+03	1.285760000000000014e+00
2.373638155000000097e+03	1.449982627999999977e+03	1.291199999999999903e+00
2.389769530000000032e+03	1.460429620999999997e+03	1.296640000000000015e+00
2.405944771999999830e+03	1.470894786000000067e+03	1.302079999999999904e+00
2.422163775999999871e+03	1.481378022000000101e+03	1.307520000000000016e+00
2.438426433000000088e+03	1.491879228000000012e+03	1.312959999999999905e+00
2.454732637000000068e+03	1.502398304000000053e+03	1.318400000000000016e+00
2.471082280999999966e+03	1.512935150999999905e+03	1.323839999999999906e+00
2.487475261000000046e+03	1.523489673000000039e+03	1.329280000000000017e+00
2.503911470999999892e+03	1.534061770999999908e+03	1.334719999999999906e+00
2.520390805999999884e+03	1.544651348999999982e+03	1.340160000000000018e+00
2.536913161999999829e+03	1.555258313999999928e+03	1.345599999999999907e+00
2.553478434999999990e+03	1.565882569000000103e+03	1.351040000000000019e+00
2.570086521000000175e+03	1.576524022000000059e+03	1.356479999999999908e+00
2.586737318999999843e+03	1.587182581000000027e+03	1.361920000000000019e+00
2.603430723999999827e+03	1.597858154999999897e+03	1.367359999999999909e+00
2.620166635999999926e+03	1.608550651000000016e+03	1.372800000000000020e+00
2.636944953000000169e+03	1.619259980999999925e+03	1.378239999999999910e+00
2.653765573000000131e+03	1.629986055000000079e+03	1.383680000000000021e+00
2.670628396000000066e+03	1.640728785000000016e+03	1.389119999999999910e+00
2.687533322000000226e+03	1.651488084999999955e+03	1.394560000000000022e+00
2.704480250999999953e+03	1.662263866999999891e+03	1.399999999999999911e+00
